# Values of voltage: 
0.000
0.026
0.052
0.077
0.103
0.129
0.180
0.180
0.232
0.258
0.284
0.335
0.361
0.387
0.412
0.438
0.490
0.490
0.541
0.567
0.593
0.619
0.645
0.670
0.696
0.748
0.773
0.799
0.799
0.851
0.877
0.902
0.902
0.954
0.954
1.005
1.005
1.031
1.057
1.057
1.109
1.109
1.134
1.160
1.186
1.212
1.237
1.237
1.263
1.289
1.315
1.315
1.341
1.366
1.366
1.418
1.418
1.444
1.444
1.470
1.495
1.495
1.521
1.547
1.547
1.573
1.598
1.624
1.624
1.624
1.650
1.650
1.676
1.702
1.727
1.727
1.727
1.753
1.779
1.779
1.805
1.805
1.830
1.856
1.856
1.856
1.882
1.882
1.908
1.934
1.934
1.959
1.959
1.985
1.985
2.011
2.011
2.037
2.037
2.037
2.037
2.062
2.088
2.088
2.114
2.114
2.114
2.140
2.140
2.140
2.166
2.191
2.191
2.217
2.217
2.217
2.217
2.243
2.243
2.269
2.269
2.269
2.295
2.295
2.320
2.320
2.320
2.346
2.346
2.346
2.372
2.372
2.372
2.398
2.398
2.398
2.423
2.423
2.423
2.475
2.449
2.449
2.475
2.475
2.475
2.501
2.501
2.501
2.501
2.527
2.527
2.527
2.527
2.527
2.552
2.552
2.552
2.552
2.552
2.578
2.578
2.578
2.604
2.604
2.604
2.630
2.630
2.630
2.630
2.655
2.630
2.655
2.655
2.655
2.655
2.655
2.655
2.681
2.681
2.707
2.681
2.707
2.707
2.707
2.733
2.707
2.733
2.733
2.733
2.733
2.759
2.759
2.759
2.759
2.759
2.784
2.784
2.784
2.784
2.784
2.784
2.784
2.784
2.784
2.810
2.810
2.810
2.810
2.836
2.810
2.836
2.836
2.836
2.836
2.836
2.836
2.862
2.862
2.862
2.862
2.862
2.887
2.887
2.887
2.887
2.887
2.887
2.887
2.887
2.887
2.913
2.887
2.887
2.887
2.887
2.913
2.913
2.913
2.913
2.913
2.913
2.913
2.939
2.913
2.939
2.939
2.939
2.939
2.939
2.939
2.965
2.939
2.939
2.939
2.965
2.965
2.965
2.965
2.965
2.965
2.965
2.991
2.965
2.991
2.991
2.965
2.965
2.991
2.991
2.991
2.991
2.991
2.991
3.016
2.991
2.991
2.991
3.016
3.016
2.991
3.016
3.016
3.016
3.016
3.042
3.016
3.016
3.042
3.016
3.016
3.016
3.042
3.042
3.042
3.042
3.042
3.042
3.042
3.042
3.042
3.042
3.042
3.042
3.042
3.068
3.042
3.068
3.068
3.042
3.068
3.042
3.068
3.068
3.068
3.068
3.068
3.068
3.068
3.068
3.068
3.068
3.068
3.068
3.068
3.068
3.094
3.094
3.068
3.094
3.068
3.094
3.094
3.094
3.094
3.094
3.094
3.094
3.094
3.094
3.094
3.094
3.094
3.094
3.120
3.094
3.094
3.094
3.094
3.094
3.094
3.094
3.120
3.120
3.120
3.094
3.094
3.094
3.094
3.094
3.120
3.120
3.120
3.120
3.120
3.120
3.120
3.120
3.120
3.120
3.120
3.120
3.120
3.120
3.120
3.120
3.145
3.120
3.120
3.120
3.145
3.120
3.120
3.120
3.145
3.120
3.145
3.120
3.145
3.120
3.120
3.145
3.145
3.145
3.145
3.120
3.145
3.120
3.145
3.145
3.145
3.145
3.145
3.145
3.120
3.145
3.145
3.145
3.145
3.145
3.171
3.145
3.145
3.145
3.145
3.145
3.145
3.145
3.145
3.145
3.145
3.145
3.145
3.145
3.145
3.145
3.145
3.145
3.145
3.145
3.145
3.145
3.145
3.145
3.171
3.145
3.145
3.145
3.145
3.145
3.171
3.171
3.171
3.171
3.145
3.145
3.171
3.171
3.145
3.197
3.145
3.171
3.171
3.171
3.171
3.171
3.171
3.171
3.171
3.171
3.171
3.171
3.171
3.145
3.171
3.171
3.171
3.145
3.171
3.197
3.171
3.171
3.171
3.171
3.171
3.171
3.171
3.171
3.145
3.171
3.171
3.171
3.171
3.171
3.171
3.171
3.171
3.171
3.171
3.171
3.197
3.171
3.197
3.171
3.171
3.171
3.197
3.171
3.171
3.171
3.171
3.171
3.171
3.171
3.171
3.171
3.171
3.171
3.197
3.171
3.197
3.171
3.171
3.197
3.171
3.171
3.171
3.171
3.171
3.197
3.171
3.171
3.171
3.197
3.197
3.197
3.197
3.171
3.171
3.171
3.171
3.171
3.197
3.171
3.197
3.171
3.171
3.171
3.197
3.171
3.197
3.197
3.197
3.171
3.197
3.171
3.197
3.171
3.197
3.197
3.197
3.171
3.171
3.197
3.171
3.197
3.197
3.197
3.171
3.197
3.197
3.197
3.197
3.197
3.197
3.171
3.197
3.197
3.171
3.197
3.197
3.197
3.197
3.197
3.197
3.197
3.197
3.197
3.197
3.197
3.197
3.197
3.197
3.197
3.197
3.171
3.197
3.171
3.197
3.197
3.197
3.197
3.197
3.171
3.197
3.197
3.171
3.197
3.197
3.197
3.197
3.197
3.197
3.197
3.197
3.197
3.197
3.197
3.197
3.197
3.171
3.197
3.197
3.197
3.197
3.197
3.197
3.197
3.197
3.197
3.197
3.197
3.197
3.197
3.197
3.197
3.197
3.197
3.197
3.197
3.197
3.197
3.197
3.197
3.197
3.197
3.197
3.197
3.197
3.197
3.197
3.197
3.197
3.197
3.197
3.197
3.197
3.197
3.197
3.197
3.171
3.197
3.197
3.197
3.223
3.171
3.145
3.120
3.094
3.068
3.042
2.991
2.991
2.965
2.939
2.887
2.887
2.862
2.836
2.810
2.784
2.784
2.733
2.707
2.681
2.655
2.630
2.630
2.604
2.578
2.578
2.552
2.527
2.501
2.475
2.475
2.423
2.423
2.398
2.372
2.346
2.320
2.320
2.295
2.269
2.269
2.243
2.217
2.217
2.191
2.166
2.140
2.114
2.114
2.088
2.088
2.062
2.037
2.037
2.011
2.011
1.985
1.959
1.959
1.934
1.908
1.882
1.882
1.856
1.856
1.830
1.830
1.805
1.779
1.779
1.753
1.753
1.727
1.702
1.702
1.676
1.676
1.650
1.650
1.650
1.650
1.598
1.573
1.573
1.573
1.547
1.547
1.547
1.495
1.521
1.470
1.470
1.470
1.470
1.444
1.418
1.418
1.392
1.392
1.392
1.341
1.366
1.366
1.341
1.315
1.315
1.315
1.289
1.289
1.263
1.263
1.263
1.237
1.237
1.237
1.237
1.212
1.186
1.186
1.186
1.160
1.134
1.134
1.134
1.109
1.109
1.109
1.109
1.083
1.083
1.057
1.057
1.057
1.031
1.031
1.031
1.005
1.005
1.005
0.980
0.980
0.980
0.980
0.954
0.954
0.954
0.928
0.928
0.902
0.902
0.902
0.902
0.902
0.877
0.877
0.851
0.877
0.851
0.851
0.825
0.825
0.799
0.799
0.799
0.799
0.799
0.799
0.773
0.799
0.773
0.773
0.748
0.748
0.748
0.748
0.748
0.722
0.722
0.722
0.696
0.696
0.696
0.696
0.696
0.670
0.670
0.670
0.645
0.645
0.670
0.645
0.645
0.645
0.645
0.670
0.619
0.619
0.619
0.619
0.619
0.593
0.593
0.593
0.593
0.567
0.567
0.567
0.567
0.593
0.541
0.541
0.541
0.541
0.541
0.516
0.516
0.516
0.516
0.516
0.490
0.516
0.490
0.490
0.490
0.490
0.490
0.464
0.490
0.464
0.464
0.464
0.464
0.464
0.438
0.438
0.438
0.438
0.438
0.438
0.438
0.438
0.438
0.412
0.412
0.412
0.412
0.387
0.387
0.387
0.387
0.387
0.387
0.387
0.387
0.361
0.387
0.387
0.361
0.361
0.361
0.361
0.361
0.361
0.361
0.361
0.335
0.335
0.335
0.335
0.335
0.335
0.309
0.335
0.309
0.309
0.309
0.309
0.309
0.309
0.309
0.284
0.309
0.284
0.284
0.309
0.284
0.284
0.284
0.284
0.284
0.284
0.284
0.284
0.258
0.284
0.258
0.284
0.258
0.284
0.258
0.258
0.258
0.258
0.258
0.258
0.258
0.258
0.232
0.232
0.232
0.232
0.232
0.232
0.232
0.232
0.232
0.232
0.232
0.206
0.206
0.206
0.206
0.206
0.206
0.206
0.206
0.206
0.206
0.206
0.206
0.180
0.206
0.180
0.180
0.180
0.180
0.180
0.180
0.180
0.180
0.180
0.180
0.180
0.180
0.180
0.155
0.180
0.180
0.155
0.180
0.180
0.155
0.155
0.180
0.155
0.155
0.155
0.155
0.155
0.155
0.155
0.155
0.155
0.155
0.155
0.129
0.155
0.155
0.129
0.155
0.155
0.155
0.155
0.129
0.129
0.129
0.129
0.129
0.129
0.129
0.129
0.129
0.129
0.129
0.129
0.129
0.129
0.103
0.129
0.103
0.129
0.103
0.129
0.129
0.129
0.129
0.103
0.103
0.103
0.103
0.103
0.103
0.103
0.103
0.103
0.103
0.103
0.103
0.103
0.103
0.103
0.103
0.077
0.103
0.103
0.103
0.103
0.103
0.103
0.103
0.103
0.103
0.077
0.077
0.103
0.077
0.077
0.103
0.077
0.077
0.077
0.103
0.077
0.077
0.077
0.077
0.077
0.077
0.077
0.077
0.077
0.077
0.077
0.077
0.077
0.077
0.077
0.077
0.077
0.052
0.077
0.077
0.077
0.077
0.077
0.077
0.077
0.077
0.052
0.077
0.052
0.052
0.052
0.077
0.052
0.077
0.077
0.052
0.052
0.052
0.077
0.052
0.052
0.052
0.052
0.052
0.052
0.052
0.052
0.052
0.052
0.052
0.052
0.052
0.052
0.052
0.052
0.052
0.052
0.052
0.052
0.026
0.052
0.052
0.052
0.052
0.052
0.052
0.052
0.052
0.026
0.052
0.052
0.026
0.052
0.052
0.052
0.052
0.052
0.052
0.052
0.026
0.026
0.026
0.026
0.026
0.026
0.026
0.052
0.052
0.026
0.052
0.026
0.026
0.026
0.026
0.026
0.026
0.026
0.026
0.026
0.026
0.026
0.026
0.026
0.026
0.026
0.026
0.026
0.026
0.026
0.026
0.026
0.026
0.026
0.026
0.026
0.026
0.026
0.026
0.052
0.026
0.026
0.026
0.026
0.026
0.026
0.026
0.026
0.026
0.026
0.026
0.026
0.026
0.026
0.026
0.026
0.026
0.026
0.026
0.026
0.026
0.026
0.026
0.026
0.026
0.013
